1024 52.34944000000000000000
2048 38.38262000000000000000
3072 47.89498000000000000000
4096 33.36760000000000000000
5120 44.14392000000000000000
6144 13.13746000000000000000
7168 13.82366000000000000000
8192 13.75630000000000000000
9216 14.68926000000000000000
10240 13.04346000000000000000
11264 22.27176000000000000000
12288 14.69764000000000000000
13312 14.38170000000000000000
14336 36.68498000000000000000
15360 31.65998000000000000000
16384 14.56544000000000000000
17408 14.66764000000000000000
18432 17.76060000000000000000
19456 17.20248000000000000000
20480 12.92330000000000000000
21504 29.51616000000000000000
22528 16.10414000000000000000
23552 23.40094000000000000000
24576 15.33478000000000000000
25600 14.70450000000000000000
26624 15.24402000000000000000
27648 23.39744000000000000000
28672 48.09088000000000000000
29696 20.22570000000000000000
30720 13.72156000000000000000
31744 16.18954000000000000000
32768 14.10664000000000000000
33792 13.41568000000000000000
34816 16.69258000000000000000
35840 17.91056000000000000000
36864 17.42192000000000000000
37888 28.13396000000000000000
38912 14.68132000000000000000
39936 12.95074000000000000000
40960 13.39968000000000000000
